%YAML:1.0

cam0:
  T_cam_imu:
    - [0.9999686716406476, -3.558428993678298e-05, -0.007915457725010072, 0.034447773217928995]
    - [5.559392319323594e-05, 0.999996803783066, 0.002527712991497781, -0.004571113334927123]
    - [0.007915342478618087, -0.0025280738537456484, 0.9999654775021164, -0.014150453221418283]
    - [0.0, 0.0, 0.0, 1.0]
  cam_overlaps: [1]
  camera_model: pinhole
  distortion_coeffs: [0.001304147992793686, -0.0040753482310515845, -0.001010723035842061, -0.0009821247922554195]
  distortion_model: radtan
  intrinsics: [421.9330194785871, 421.7946147633121, 420.6287144431744, 232.6801590884885]
  resolution: [848, 480]
  rostopic: /camera/infra1/image_rect_raw
  timeshift_cam_imu: -0.004821765996687613
cam1:
  T_cam_imu:
    - [0.9999740495972008, 0.0006224963371710946, -0.007177230000859275, -0.059648448923393195]
    - [-0.0006094755548172054, 0.9999981649335882, 0.0018162238309699745, -0.004709559448895128]
    - [0.007178347422847832, -0.001811802352993163, 0.9999725939747102, -0.013665584765865497]
    - [0.0, 0.0, 0.0, 1.0]
  cam_overlaps: [0]
  camera_model: pinhole
  distortion_coeffs: [0.0017282916087243989, -0.004173937034239907, -0.001429652747715064, -0.001572188595590704]
  distortion_model: radtan
  intrinsics: [421.83012300393756, 422.18962865994877, 420.98495281605943, 233.22861998334037]
  resolution: [848, 480]
  rostopic: /camera/infra2/image_rect_raw
  timeshift_cam_imu: -0.004854756542339253
